00000000000002000000200000000000
00000000000002000000200000000000
00000000000002000000200000000000
00000000000002000000200000000000
1111111111111A000000200000000000
00000000000002000000200000000000
00000000000002000000200000000000
00000000000002000000200000000000
00000000000008111111300000000000
00000000000002000000000000000000
00000000000002000000000000000000
00000000000002000000000000000000
00000000000002000000000000000000
00000000000002000000000000000000
00000000000002000000000000000000
00000000000002000000000000000000
11111111111117600000000000000000
00000000000000811111111111111111
00000000000000200000000000000000
00000000000000200000000000000000
00000000000000200000000000000000
00000000000000200000000000000000
00000000000000200000000000000000
11111119111111711111116000000000
00000002000000000000002000000000
00000002000000000000002000000000
00000002000000000000002000000000
00000002000000000000002000000000
00000002000000000000002000000000
00000002000000000000002000000000
00000002000000000000002000000000
00000002000000000000002000000000